1403636579763555584.000000 0.000000000 0.000000000 0.000000000 -0.000000000 -0.000000000 -0.000000000 1.000000000
1403636580063555584.000000 -0.001614764 0.130923629 0.040934037 -0.020634586 0.006054573 -0.000455805 0.999768674
1403636581063555584.000000 -0.017865537 -0.008091261 0.008592274 -0.020222778 0.019324284 -0.018985180 0.999428451
1403636581263555584.000000 -0.018175704 -0.113823831 -0.015821485 0.011461166 0.020944664 -0.010884306 0.999655724
1403636582163555584.000000 -0.000855784 0.253105313 0.066765048 -0.053032141 0.020319421 -0.009408702 0.998341739
1403636584863555584.000000 0.000428392 -0.158371687 -0.016646981 0.013658636 0.046115730 -0.016724279 0.998702705
1403636586063555584.000000 0.016082803 0.114359602 0.006654351 -0.108340584 0.027091177 0.000028304 0.993744671
1403636586413555456.000000 0.004990560 0.109035306 -0.024007145 -0.176857769 0.044337686 0.015919730 0.983108401
1403636587713555456.000000 0.178264841 0.082177646 -0.001522410 -0.192206398 0.037445940 0.020632518 0.980422795
1403636588213555456.000000 0.334405720 0.086640999 0.014185122 -0.205246195 0.065648519 0.032184869 0.975975633
1403636589613555456.000000 -0.076747537 0.093414195 -0.036830399 -0.193356887 0.020682678 0.014106712 0.980809033
1403636589813555456.000000 -0.167467549 0.102461934 -0.043019854 -0.193887204 0.010297681 0.010996729 0.980908155
1403636589963555584.000000 -0.221350148 0.111830592 -0.047190662 -0.201955482 -0.002940825 0.009707221 0.979342163
1403636592213555456.000000 0.239106312 0.100973569 0.054547947 -0.154538631 0.101670638 0.042069051 0.981840670
1403636592713555456.000000 0.210903168 0.056530058 0.194368809 -0.152210325 0.051012699 0.026825629 0.986666203
1403636592913555456.000000 0.127410918 0.049547538 0.227310643 -0.156689525 -0.003000527 0.012310842 0.987566650
1403636593063555584.000000 0.040606465 0.055952732 0.218150631 -0.165211588 -0.045969799 0.002061056 0.985184073
1403636593263555584.000000 -0.080625378 0.075684361 0.161401600 -0.168815196 -0.095190518 -0.003332622 0.981034756
1403636593513555456.000000 -0.162367642 0.112942629 0.052301224 -0.178287759 -0.106171526 -0.006746529 0.978210390
1403636593713555456.000000 -0.148947462 0.152247459 -0.030973366 -0.192615479 -0.078913786 0.009675841 0.978048205
1403636593863555584.000000 -0.099377133 0.173868954 -0.079084061 -0.195307046 -0.030491482 0.030342523 0.979798317
1403636593963555584.000000 -0.051906031 0.180826679 -0.104572348 -0.185510039 0.008615243 0.044912782 0.981577635
1403636594213555456.000000 0.088017285 0.180708468 -0.114049211 -0.173066318 0.098520480 0.072019607 0.977320313
1403636594463555584.000000 0.229226440 0.158512130 -0.040111877 -0.167738020 0.138656378 0.068265356 0.973641753
1403636594763555584.000000 0.292731524 0.115582205 0.096928671 -0.143429324 0.128985256 0.063539542 0.979159594
1403636595013555456.000000 0.172726005 0.103123829 0.171858743 -0.135130510 0.058465596 0.032653585 0.988562226
1403636595213555456.000000 0.016828883 0.113717094 0.173697859 -0.143640533 -0.019221026 0.008233758 0.989409029
1403636595563555584.000000 -0.102755107 0.149996474 0.084760532 -0.158613116 -0.081067540 -0.007791057 0.983976245
1403636595863555584.000000 0.020594388 0.187495768 0.001020305 -0.164635777 -0.028680930 -0.005671890 0.985921025
1403636595963555584.000000 0.075628094 0.200277269 -0.021753354 -0.165740043 0.003686874 0.002187172 0.986160159
1403636596113555456.000000 0.134906948 0.218655527 -0.063415408 -0.172152489 0.046738312 0.015119594 0.983844757
1403636596513555456.000000 0.049107030 0.231740758 -0.206909716 -0.160061002 0.065838076 0.025030600 0.984590948
1403636597513555456.000000 0.060958970 0.120639101 0.102392569 -0.165564716 0.001324644 -0.022819325 0.985934019
1403636597813555456.000000 0.008332299 0.109844171 0.149209917 -0.141100645 -0.062440000 -0.032250427 0.987497747
1403636598113555456.000000 -0.033622690 0.154565081 0.047381707 -0.148277044 -0.078231573 -0.047353987 0.984708786
1403636598363555584.000000 -0.022663627 0.207457885 -0.022426920 -0.186955199 -0.063317209 -0.054274276 0.978822231
1403636598713555456.000000 0.017141620 0.234261543 0.052620351 -0.155890837 -0.072768405 -0.055814058 0.983507812
1403636598863555584.000000 0.029704500 0.245685935 0.108837195 -0.121490747 -0.089590825 -0.051646940 0.987191021
1403636599013555456.000000 0.040813729 0.266577959 0.158932880 -0.093562521 -0.092425533 -0.049720429 0.990066409
1403636599113555456.000000 0.044815205 0.277514815 0.182681471 -0.075306237 -0.098582476 -0.045325901 0.991239667
1403636599163555584.000000 0.045893017 0.280684263 0.191499397 -0.063009121 -0.102915794 -0.041698977 0.991816223
1403636599463555584.000000 0.050309267 0.295170426 0.237119079 0.000160007 -0.096332021 -0.035435569 0.994718313
1403636599763555584.000000 0.054482169 0.311928928 0.254817009 0.000840533 -0.083923906 -0.031540241 0.995972514
1403636600263555584.000000 0.059428718 0.313645631 0.253918141 0.019327411 -0.085260630 -0.019986438 0.995970726
1403636624513555456.000000 0.069959842 0.315558702 0.248004511 -0.001729832 -0.075249374 -0.018912567 0.996983886
1403636624863555584.000000 0.111358382 0.323592186 0.223535269 -0.007203429 -0.063811399 -0.044870611 0.996926725
1403636625063555584.000000 0.140643939 0.308142245 0.188420966 -0.031717505 -0.056593787 -0.069594875 0.995463610
1403636628663555584.000000 0.337487847 -0.160009563 0.159101531 -0.005325780 -0.028730599 -0.013520399 0.999481559
1403636629413555456.000000 0.541276097 -0.235275999 0.231583133 -0.017687153 0.026677981 -0.007291782 0.999460995
1403636629763555584.000000 0.662373304 -0.216955110 0.315732569 -0.029313233 0.080565490 0.015581741 0.996196330
1403636630013555456.000000 0.772095561 -0.188960403 0.390752703 -0.036825113 0.129976913 0.028654341 0.990418553
1403636630213555456.000000 0.862215400 -0.206594914 0.467918128 -0.016305447 0.149997294 0.031611439 0.988046408
1403636630413555456.000000 0.951874077 -0.245950207 0.531796575 -0.008268148 0.156997263 0.031665511 0.987056613
1403636631113555456.000000 1.237663627 -0.398946524 0.770329714 -0.014831657 0.144078374 0.026193500 0.989108384
1403636632063555584.000000 1.568049669 -0.448917031 1.156437039 -0.012415824 0.139567375 0.013882174 0.990037441
1403636633013555456.000000 1.750132203 -0.490732461 1.554107666 -0.019117523 0.059062090 -0.007539865 0.998042762
1403636634013555456.000000 1.942356706 -0.605506659 2.115970612 -0.025853131 0.031512979 0.006274338 0.999149263
1403636634963555584.000000 2.224584579 -0.832236946 2.753808498 -0.015534562 0.007446607 -0.028494803 0.999445498
1403636635813555456.000000 2.408334732 -1.070851326 3.311447620 -0.017455723 -0.011302150 -0.011047141 0.999722719
1403636636363555584.000000 2.587543011 -1.372853637 3.681022882 -0.007000694 -0.001840847 -0.029269818 0.999545336
1403636637513555456.000000 2.793393135 -1.604720235 4.274414062 -0.020598061 -0.009729444 -0.034127671 0.999157846
1403636638863555584.000000 2.837190866 -1.840579867 4.891831875 -0.029545933 -0.019648250 -0.028400308 0.998966694
1403636639763555584.000000 3.061346054 -1.952762008 5.517744064 -0.007691060 -0.018655356 -0.039322108 0.999022841
1403636640513555456.000000 3.242790937 -2.096991777 5.956784725 -0.004889507 -0.052027203 -0.048812572 0.997440040
1403636642063555584.000000 3.511665344 -2.222539902 6.521016598 -0.002776421 -0.041790720 -0.041936763 0.998242021
1403636644313555456.000000 3.864291191 -2.447932005 7.033557892 -0.028441297 -0.006170500 -0.014018308 0.999478102
1403636645513555456.000000 4.305747032 -2.383987665 7.752265930 -0.043863151 0.005823307 -0.024562810 0.998718560
1403636646363555584.000000 4.641138077 -2.656409264 8.477422714 -0.001734884 0.070585832 0.025236392 0.997184932
1403636647013555456.000000 4.972659111 -2.930183887 8.907960892 0.004256944 0.157549262 0.031546969 0.986997962
1403636648063555584.000000 5.492749214 -3.150054693 9.303335190 0.006058964 0.182494119 0.044176038 0.982195377
1403636648963555584.000000 5.975620270 -3.030587196 9.403881073 -0.024100972 0.348088652 0.105124690 0.931236923
1403636650513555456.000000 6.616411209 -3.349319935 9.139945984 0.006003917 0.448791832 0.126941457 0.884553969
1403636652413555456.000000 6.727264881 -3.061190128 8.475249290 -0.003351901 0.612800062 0.197393492 0.765180230
1403636653513555456.000000 6.844820023 -2.858705044 7.924941540 0.001735967 0.647841156 0.189668208 0.737783790
1403636654763555584.000000 6.830431461 -2.771817684 7.432518005 0.000576895 0.705107868 0.222779572 0.673195243
1403636655763555584.000000 6.583867073 -2.591856956 7.127104759 0.012153225 0.753411472 0.247566417 0.609043777
1403636656213555456.000000 6.404437065 -2.427630901 6.988924503 0.008614678 0.791102350 0.267795324 0.549880445
1403636657063555584.000000 6.135848522 -2.341962337 6.556205273 0.023290357 0.798848450 0.235973999 0.552824676
1403636658013555456.000000 5.653536797 -2.060067177 6.135838509 0.025728067 0.787477076 0.282308131 0.547284245
1403636658713555456.000000 5.329022408 -1.833546519 5.658404350 -0.017579459 0.802030206 0.258642882 0.538091421
1403636659963555584.000000 4.990640640 -1.372706294 5.196828365 -0.005451738 0.807399213 0.251657844 0.533615112
1403636661063555584.000000 5.000493526 -0.958936572 5.161491871 -0.012319002 0.813329399 0.235006064 0.532086134
1403636662613555456.000000 5.041792870 -0.921671510 5.599894524 -0.007252999 0.804787815 0.261339903 0.532884061
1403636664363555584.000000 5.414252758 -0.729391456 5.928089142 -0.015930496 0.807472587 0.232877716 0.541758478
1403636665363555584.000000 6.013983250 -0.828575134 6.468313217 0.009925797 0.783086181 0.255624115 0.566863120
1403636667113555456.000000 6.733564377 -1.280257583 7.338561535 0.009178769 0.775885582 0.275626928 0.567403853
1403636668813555456.000000 7.399393082 -1.283927083 7.892640114 -0.020463923 0.797030687 0.243858278 0.552138090
1403636669613555456.000000 7.779898643 -1.352578282 8.302745819 0.011081331 0.803836107 0.224711657 0.550662696
1403636672013555456.000000 6.312792301 -1.394802570 7.172302723 -0.074121065 0.569001734 0.211491302 0.791210830
1403636675913555456.000000 7.107797146 -1.379953861 7.642938614 0.007623875 0.420046180 0.115794219 0.900052726
1403636677113555456.000000 7.504786968 -1.504676700 8.613689423 -0.013798303 0.238301024 0.053873818 0.969597816
1403636678463555584.000000 7.629861355 -1.717593312 9.408381462 -0.011008466 0.029413734 -0.012964619 0.999422610
1403636679813555456.000000 7.530941963 -1.900309682 9.713768005 -0.003339373 -0.246200427 -0.106806174 0.963310301
1403636681863555584.000000 6.734002113 -1.858348131 8.967121124 0.000116390 -0.237613872 -0.116389066 0.964361608
1403636684063555584.000000 5.540423393 -1.438881040 7.709173679 -0.014367278 -0.247605577 -0.108171292 0.962696254
1403636685863555584.000000 4.937165260 -1.065718651 6.550896645 -0.003175346 -0.240167320 -0.120786406 0.963182390
1403636686663555584.000000 4.661901474 -0.853707790 6.029802799 -0.022324188 -0.244525507 -0.108283930 0.963319004
1403636687463555584.000000 4.416072369 -0.737377048 5.626500607 -0.006645083 -0.250136375 -0.105281845 0.962446570
1403636688063555584.000000 4.298623085 -0.511958599 5.400964260 -0.003680781 -0.251392365 -0.111434355 0.961441994
1403636688613555456.000000 4.211981297 -0.292034179 5.183881760 -0.005666053 -0.247802585 -0.123093277 0.960942149
1403636689163555584.000000 4.075538635 -0.083055452 4.940032959 -0.019922704 -0.273943692 -0.121458374 0.953837395
1403636689863555584.000000 3.827206612 -0.106720954 4.644165039 -0.048164099 -0.292996109 -0.106020339 0.948995888
1403636690713555456.000000 3.569188118 -0.244337469 4.687515736 -0.037905239 -0.292015761 -0.087393329 0.951657712
1403636691263555584.000000 3.582218170 -0.281123579 4.947291851 0.028370125 -0.302972287 -0.064046279 0.950421512
1403636691713555456.000000 3.857105255 -0.430918813 5.069673061 -0.003096706 -0.295097202 -0.117816813 0.948170483
1403636692913555456.000000 4.647926331 -0.927617908 5.123767853 -0.010671785 -0.273750186 -0.158655152 0.948564947
1403636694013555456.000000 4.885040283 -1.174134612 5.162856102 -0.016685557 -0.293616831 -0.123562023 0.947756946
1403636696963555584.000000 4.963900089 -1.282374382 5.737735271 -0.000484072 -0.271440446 -0.124091320 0.954421937
1403636699163555584.000000 4.350852013 -1.046343207 5.222436905 -0.016046062 0.036537901 -0.003087007 0.999198675
1403636700613555456.000000 4.246991158 -0.789170623 5.065151215 -0.000555022 0.258490801 0.082472026 0.962486684
1403636701913555456.000000 4.571424007 -0.628870130 4.889896393 -0.007755635 0.295358539 0.081668340 0.951857924
1403636702663555584.000000 4.815882683 -0.430501759 4.866950989 -0.023739170 0.392127782 0.113000572 0.912635267
1403636703913555456.000000 5.298424244 -0.242330492 5.032357216 -0.002457455 0.384385020 0.113425143 0.916175127
1403636705063555584.000000 5.818151951 -0.179160297 5.205757141 -0.053805403 0.372366667 0.112284593 0.919695735
1403636705813555456.000000 6.283366680 -0.225136757 5.629692554 -0.023499172 0.374276519 0.102855347 0.921295702
1403636706163555584.000000 6.498914719 -0.285987556 5.858217716 0.008045250 0.364467710 0.120982356 0.923288584
1403636706813555456.000000 6.896183491 -0.336455822 6.240676880 -0.027166616 0.371780157 0.093970090 0.923152864
1403636707763555584.000000 7.388890266 -0.728189051 6.881976128 -0.023464324 0.381246090 0.116739787 0.916772962
1403636708713555456.000000 7.956423283 -0.865665674 7.670149326 0.006809338 0.373253793 0.107782394 0.921421826
1403636709613555456.000000 8.341186523 -0.988996506 8.201973915 -0.013871798 0.396629333 0.089350507 0.913514853
1403636710763555584.000000 8.369553566 -1.078254700 9.034133911 0.007141510 0.324201375 0.101605333 0.940488636
1403636712263555584.000000 7.964995384 -1.293744564 9.617036819 0.013245855 0.265252054 0.067512199 0.961721420
1403636714063555584.000000 6.822629929 -1.636523724 9.035099983 -0.000771590 0.211941451 0.055573329 0.975700676
1403636717313555456.000000 6.096922398 -1.378784060 7.735831738 -0.007137240 -0.005459319 -0.039014850 0.999198258
1403636719813555456.000000 5.222992897 -0.764489830 6.632780552 -0.008592621 -0.160545915 -0.071558282 0.984393537
1403636723063555584.000000 5.075251579 -0.287063569 5.529709816 -0.006283634 -0.026801664 -0.035025842 0.999007225
1403636728463555584.000000 4.578392029 -0.625240445 3.858546257 0.000941540 0.093720958 0.009499745 0.995552719
1403636730413555456.000000 4.001309395 -0.412724376 3.032626867 -0.014927784 0.025957987 -0.017760960 0.999393761
1403636733363555584.000000 3.617824078 -0.158404976 2.357703686 -0.000480193 0.022586444 -0.028903892 0.999326885
1403636735163555584.000000 3.033805847 -0.065776758 1.508598089 -0.018339032 0.009988418 -0.020395510 0.999573886
1403636739463555584.000000 2.282283545 -0.181432158 0.929167032 -0.008129560 0.187731341 0.038671978 0.981425166
1403636741563555584.000000 2.646174431 0.395998836 1.041980386 -0.016980277 0.249572217 0.076053523 0.965215683
1403636744513555456.000000 3.179634809 1.073360324 1.747436762 0.010258756 0.288503259 0.093829617 0.952815115
1403636746263555584.000000 3.555414915 1.473378181 2.088162899 0.005776119 0.318348140 0.057302460 0.946222782
1403636749563555584.000000 3.382728815 0.658610344 2.433396339 0.000723524 0.334110767 0.081523672 0.939001322
1403636752363555584.000000 3.084297180 -0.241479278 1.988681316 -0.000534726 0.263361067 0.066586278 0.962396502
1403636756963555584.000000 1.431066275 -0.278825313 0.974050820 0.001196416 -0.063501626 -0.052506179 0.996598840
1403636757763555584.000000 0.954442561 -0.160738140 0.558307588 -0.035035398 -0.081393480 -0.068249069 0.993725181
1403636761813555456.000000 -0.070196398 0.285056114 0.113635965 -0.007950162 -0.112138860 -0.041823361 0.992780149
1403636762413555456.000000 -0.127424061 0.259331882 0.108300306 -0.037423667 -0.096303917 -0.075636946 0.991768181
1403636762563555584.000000 -0.159520924 0.271662712 0.120065890 -0.032161482 -0.108551621 -0.038593341 0.992820621
1403636762663555584.000000 -0.177736089 0.287787378 0.135302424 -0.021525461 -0.115432367 -0.017603703 0.992926061
1403636762813555456.000000 -0.188885182 0.331028849 0.167280763 -0.010542811 -0.109891191 -0.036922239 0.993201673
1403636762863555584.000000 -0.197265059 0.356091768 0.174138710 0.021047825 -0.110603720 -0.033060964 0.993091524
1403636762913555456.000000 -0.187226206 0.356296867 0.182245225 0.033442359 -0.107011110 -0.039957210 0.992891550
1403636762963555584.000000 -0.178607583 0.344284534 0.205844894 0.004055327 -0.096182227 -0.057298873 0.993704915
1403636763013555456.000000 -0.165299505 0.348827720 0.212686479 -0.004042438 -0.087192468 -0.047864717 0.995032728
1403636763063555584.000000 -0.156184435 0.354020536 0.209810317 -0.004498707 -0.079968654 -0.034302413 0.996196806
1403636763113555456.000000 -0.140009239 0.356352419 0.188852206 0.003564785 -0.074228898 -0.025999017 0.996895909
